00000000000000000000000000000000000000000000000000000000000000000000000000000000
00000000000000000000000000000000000000000000000000000000000000000000000000000000
00000000000000000000000000000000000000000000000000000000000000000000000000000000
00000000000000000000000000000000000000000000000000000000000000000000000000000000
00000000000000000000000000000000000000000000000000000000000000000000000000000000
00000000000000000000000000000000000000000000000000000000000000000000000000000000
00000000000000000000000000000000000000000000000000000000000000000000000000000000
00000000000000000000000000000000000000000000000000000000000000000000000000000000
00000000000000000000000000000000000000000000000000000000000000000000000000000000
00000000000000000000000000000000000000000000000000000000000000000000000000000000
00000000000000000000000000001111111111111111111100000000000000000000000000000000
00000000000000000000000000001111111111111111111100000000000000000000000000000000
00000000000000000000000000111100000000000000001111000000000000000000000000000000
00000000000000000000000000111100000000000000001111000000000000000000000000000000
00000000000000000000000011110000000011110000000011110000000000000000000000000000
00000000000000000000000011110000000011110000000011110000000000000000000000000000
00000000000000000000001111000000000011110000000000111100000000000000000000000000
00000000000000000000001111000000000011110000000000111100000000000000000000000000
00000000000000000000111100000000000011110000000000001111000000000000000000000000
00000000000000000000111100000000000011110000000000001111000000000000000000000000
00000000000000000000110000000000000011110000000000000011000000000000000000000000
00000000000000000000110000000000000011110000000000000011000000000000000000000000
00000000000000000000110000000000000011110000000000000011000000000000000000000000
00000000000000000000110000000000000011110000000000000011000000000000000000000000
00000000000000000000110000000000000011110000000000000011000000000000000000000000
00000000000000000000110000000000000011110000000000000011000000000000000000000000
00000000000000000000110011111111111111111111111111110011000000000000000000000000
00000000000000000000110011111111111111111111111111110011000000000000000000000000
00000000000000000000110011111111111111111111111111110011000000000000000000000000
00000000000000000000110011111111111111111111111111110011000000000000000000000000
00000000000000000000110000000000000011110000000000000011000000000000000000000000
00000000000000000000110000000000000011110000000000000011000000000000000000000000
00000000000000000000110000000000000011110000000000000011000000000000000000000000
00000000000000000000110000000000000011110000000000000011000000000000000000000000
00000000000000000000110000000000000011110000000000000011000000000000000000000000
00000000000000000000110000000000000011110000000000000011000000000000000000000000
00000000000000000000110000000000000011110000000000000011000000000000000000000000
00000000000000000000110000000000000011110000000000000011000000000000000000000000
00000000000000000000110000000000000011110000000000000011000000000000000000000000
00000000000000000000110000000000000011110000000000000011000000000000000000000000
00000000000000000000110000000000000011110000000000000011000000000000000000000000
00000000000000000000110000000000000011110000000000000011000000000000000000000000
00000000000000000000110000000000000011110000000000000011000000000000000000000000
00000000000000000000110000000000000011110000000000000011000000000000000000000000
00000000000000000000110000000000000011110000000000000011000000000000000000000000
00000000000000000000110000000000000011110000000000000011000000000000000000000000
00000000000000000000110000000000000011110000000000000011000000000000000000000000
00000000000000000000110000000000000011110000000000000011000000000000000000000000
00000000000000000000110000000000000011110000000000000011000000000000000000000000
00000000000000000000110000000000000011110000000000000011000000000000000000000000
00000000000000000000110000000000000011110000000000000011000000000000000000000000
00000000000000000000110000000000000011110000000000000011000000000000000000000000
00000000000000000000110000000000000011110000000000000011000000000000000000000000
00000000000000000000110000000000000011110000000000000011000000000000000000000000
00000000000000000000110000000000000011110000000000000011000000000000000000000000
00000000000000000000110000000000000011110000000000000011000000000000000000000000
00000000000000000000110000000000000000000000000000000011000000000000000000000000
00000000000000000000110000000000000000000000000000000011000000000000000000000000
00000000000000000000110000000000000000000000000000000011000000000000000000000000
00000000000000000000110000000000000000000000000000000011000000000000000000000000
00000000000000000000110000000000000000000000000000000011000000000000000000000000
00000000000000000000110000000000000000000000000000000011000000000000000000000000
00111111111111111111111111111111111111111111111111111111111111111111110000000000
00111111111111111111111111111111111111111111111111111111111111111111110000000000
11000000000000000000000000000000000000000000000000000000000000000000001111111111
11000000000000000000000000000000000000000000000000000000000000000000001111111111
00000000000000000000000000000000000000000000000000000000000000000000000000000000
00000000000000000000000000000000000000000000000000000000000000000000000000000000
00000000000000000000000000000000000000000000000000000000000000000000000000000000
00000000000000000000000000000000000000000000000000000000000000000000000000000000
00000000000000000000000000000000000000000000000000000000000000000000000000000000
00000000000000000000000000000000000000000000000000000000000000000000000000000000
00000000000000000000000000000000000000000000000000000000000000000000000000000000
00000000000000000000000000000000000000000000000000000000000000000000000000000000
00000000000000000000000000000000000000000000000000000000000000000000000000000000
00000000000000000000000000000000000000000000000000000000000000000000000000000000
00000000000000000000000000000000000000000000000000000000000000000000000000000000
00000000000000000000000000000000000000000000000000000000000000000000000000000000
00000000000000000000000000000000000000000000000000000000000000000000000000000000
00000000000000000000000000000000000000000000000000000000000000000000000000000000